[gd_scene load_steps=3 format=3 uid="uid://4sy4oeoj170"]

[sub_resource type="BoxMesh" id="BoxMesh_vq3a5"]

[sub_resource type="CylinderMesh" id="CylinderMesh_vq3a5"]
top_radius = 0.34
bottom_radius = 0.0
height = 0.51

[node name="Part_B" type="Node3D"]

[node name="Body 1" type="MeshInstance3D" parent="."]
transform = Transform3D(1, 0, 0, 0, 1, 0, 0, 0, 1, 0, -0.00366497, 0)
mesh = SubResource("BoxMesh_vq3a5")

[node name="Body 2" type="MeshInstance3D" parent="."]
transform = Transform3D(1, 0, 0, 0, 1, 0, 0, 0, 1, 0, -0.00366497, 0.850499)
mesh = SubResource("BoxMesh_vq3a5")

[node name="Wheel 1" type="MeshInstance3D" parent="."]
transform = Transform3D(0.12131, 0.991997, 0.0350042, -0.969989, 0.110985, 0.216341, 0.210725, -0.060198, 0.97569, 0.457061, -0.363718, -0.251292)
mesh = SubResource("CylinderMesh_vq3a5")

[node name="Wheel 2" type="MeshInstance3D" parent="."]
transform = Transform3D(0.12131, 0.991997, 0.0350042, -0.969989, 0.110985, 0.216341, 0.210725, -0.060198, 0.97569, 0.457061, -0.363718, 1.15998)
mesh = SubResource("CylinderMesh_vq3a5")

[node name="Wheel 3" type="MeshInstance3D" parent="."]
transform = Transform3D(0.213918, -0.971071, -0.106114, 0.953852, 0.231078, -0.191751, 0.210725, -0.060198, 0.97569, -0.458438, -0.363718, 1.15998)
mesh = SubResource("CylinderMesh_vq3a5")

[node name="Wheel 4" type="MeshInstance3D" parent="."]
transform = Transform3D(0.213918, -0.971071, -0.106114, 0.953852, 0.231078, -0.191751, 0.210725, -0.060198, 0.97569, -0.458438, -0.363718, -0.340756)
mesh = SubResource("CylinderMesh_vq3a5")

[node name="MeshInstance3D3" type="MeshInstance3D" parent="."]

[node name="MeshInstance3D4" type="MeshInstance3D" parent="."]
